1.260000000000000000e+02
6.800000000000000000e+01
9.000000000000000000e+01
3.700000000000000000e+01
6.600000000000000000e+01
7.100000000000000000e+01
4.600000000000000000e+01
3.900000000000000000e+01
1.300000000000000000e+02
6.600000000000000000e+01
4.700000000000000000e+01
3.800000000000000000e+01
1.220000000000000000e+02
6.500000000000000000e+01
4.300000000000000000e+01
3.900000000000000000e+01
4.800000000000000000e+01
5.800000000000000000e+01
1.340000000000000000e+02
3.900000000000000000e+01
4.900000000000000000e+01
1.280000000000000000e+02
3.600000000000000000e+01
4.100000000000000000e+01
5.000000000000000000e+01
4.000000000000000000e+01
4.000000000000000000e+01
4.100000000000000000e+01
1.180000000000000000e+02
3.500000000000000000e+01
3.900000000000000000e+01
3.300000000000000000e+01
